20
10
30
355
87
194
0
129
0
220
0
188
6
120
39
314
333
0
46
321
12
21
249
0
347
364
304
233
85
0
75
311
67
355
255
284
359
269
340
365
22
365
188
96
345
311
273
309
95
215
265
0
192
251
302
140
234
257
30
301
294
320
154
263
180
231
297
292
191
0
72
362
336
215
116
88
336
304
224
322
324
132
295
238
209
328
38
188
7
272
26
0
288
317
207
185
158
0
9
198
65
69
98
10
89
0
19
19
20
20
89
89
