3200
5000
8766
225
650
89
80
200
60
79
79
150
135
25000
85
89
85
120
140
215
140
99
190
299
130
80
110
120
60
80
150
44
180
50
52
55
50
70
89
35
85
150
40
68
120
120
135
150
150
130
110
115
80
80
151
228
144
200
150
110
69
49
180
80
375
250
200
55
52
225
80
275
99
225
230
51
65
105
190
200
70
95
150
145
110
285
130
94
800
105
60
50
85
65
131
98
250
100
105
140
50000
6700
876
657
890
2.07464e-317
3200
1000
2000
765
897
786
